5.000000000000000000e+00 0.000000000000000000e+00 1.570796326794896558e+00
4.999901106593416245e+00 3.144716658033875484e-02 1.577085801576858071e+00
4.999604430285627288e+00 6.289308919370528717e-02 1.583375276358819583e+00
4.999109982812365516e+00 9.433652392233544959e-02 1.589664751140781096e+00
4.998417783732669761e+00 1.257762269468792327e-01 1.595954225922742831e+00
4.997527860428107260e+00 1.572109545956029975e-01 1.602243700704704343e+00
4.996440248101699844e+00 1.886394633935858933e-01 1.608533175486665856e+00
4.995154989776521504e+00 2.200605101119083029e-01 1.614822650268627369e+00
4.993672136294002861e+00 2.514728518168308780e-01 1.621112125050588881e+00
4.991991746311915890e+00 2.828752459189617374e-01 1.627401599832550394e+00
4.990113886302055768e+00 3.142664502224096768e-01 1.633691074614512129e+00
4.988038630547613650e+00 3.456452229739226945e-01 1.639980549396473641e+00
4.985766061140232352e+00 3.770103229120079780e-01 1.646270024178435154e+00
4.983296267976764504e+00 4.083605093160331267e-01 1.652559498960396667e+00
4.980629348755714503e+00 4.396945420553062256e-01 1.658848973742358179e+00
4.977765408973373162e+00 4.710111816381312710e-01 1.665138448524319692e+00
4.974704561919644163e+00 5.023091892608397835e-01 1.671427923306281205e+00
4.971446928673564969e+00 5.335873268567944416e-01 1.677717398088242939e+00
4.967992638098514213e+00 5.648443571453641843e-01 1.684006872870204452e+00
4.964341826837118887e+00 5.960790436808667270e-01 1.690296347652165965e+00
4.960494639305842668e+00 6.272901509014801036e-01 1.696585822434127477e+00
4.956451227689276706e+00 6.584764441781179034e-01 1.702875297216088990e+00
4.952211751934123107e+00 6.896366898632678710e-01 1.709164771998050725e+00
4.947776379742859554e+00 7.207696553397914263e-01 1.715454246780012237e+00
4.943145286567113494e+00 7.518741090696834384e-01 1.721743721561973750e+00
4.938318655600716589e+00 7.829488206427882568e-01 1.728033196343935263e+00
4.933296677772459837e+00 8.139925608254715561e-01 1.734322671125896775e+00
4.928079551738542285e+00 8.450041016092453283e-01 1.740612145907858288e+00
4.922667483874709760e+00 8.759822162593449146e-01 1.746901620689819801e+00
4.917060688268093394e+00 9.069256793632552993e-01 1.753191095471781313e+00
4.911259386708740848e+00 9.378332668791856674e-01 1.759480570253743048e+00
4.905263808680840221e+00 9.687037561844881184e-01 1.765770045035704561e+00
4.899074191353647301e+00 9.995359261240228665e-01 1.772059519817666073e+00
4.892690779572098414e+00 1.030328557058462824e+00 1.778348994599627586e+00
4.886113825847128389e+00 1.061080430912539452e+00 1.784638469381589099e+00
4.879343590345680326e+00 1.091790331223227106e+00 1.790927944163550833e+00
4.872380340880416050e+00 1.122457043187862880e+00 1.797217418945512346e+00
4.865224352899119253e+00 1.153079353712200605e+00 1.803506893727473859e+00
4.857875909473801102e+00 1.183656051458398695e+00 1.809796368509435371e+00
4.850335301289503853e+00 1.214185926892935807e+00 1.816085843291396884e+00
4.842602826632798951e+00 1.244667772334458133e+00 1.822375318073358397e+00
4.834678791379991125e+00 1.275100382001552290e+00 1.828664792855319909e+00
4.826563508985016959e+00 1.305482552060440948e+00 1.834954267637281422e+00
4.818257300467043258e+00 1.335813080672606512e+00 1.841243742419243157e+00
4.809760494397774089e+00 1.366090768042329318e+00 1.847533217201204669e+00
4.801073426888447848e+00 1.396314416464150332e+00 1.853822691983166182e+00
4.792196441576543009e+00 1.426482830370248589e+00 1.860112166765127695e+00
4.783129889612188990e+00 1.456594816377736024e+00 1.866401641547089207e+00
4.773874129644267938e+00 1.486649183335861490e+00 1.872691116329050942e+00
4.764429527806234077e+00 1.516644742373133292e+00 1.878980591111012455e+00
4.754796457701626622e+00 1.546580306944344230e+00 1.885270065892973967e+00
4.744975300389294048e+00 1.576454692877512276e+00 1.891559540674935480e+00
4.734966444368316374e+00 1.606266718420718220e+00 1.897849015456896993e+00
4.724770285562641448e+00 1.636015204288857827e+00 1.904138490238858505e+00
4.714387227305421035e+00 1.665698973710287856e+00 1.910427965020820018e+00
4.703817680323055583e+00 1.695316852473375935e+00 1.916717439802781531e+00
4.693062062718946770e+00 1.724867668972952295e+00 1.923006914584743265e+00
4.682120799956962287e+00 1.754350254256652475e+00 1.929296389366704778e+00
4.670994324844598644e+00 1.783763442071158334e+00 1.935585864148666291e+00
4.659683077515869520e+00 1.813106068908334478e+00 1.941875338930627803e+00
4.648187505413885034e+00 1.842376974051249450e+00 1.948164813712589538e+00
4.636508063273161895e+00 1.871574999620094104e+00 1.954454288494551051e+00
4.624645213101625352e+00 1.900698990617983419e+00 1.960743763276512563e+00
4.612599424162343809e+00 1.929747794976643505e+00 1.967033238058474076e+00
4.600371172954957011e+00 1.958720263601986478e+00 1.973322712840435589e+00
4.587960943196832453e+00 1.987615250419564550e+00 1.979612187622397101e+00
4.575369225803930462e+00 2.016431612419906205e+00 1.985901662404358614e+00
4.562596518871380624e+00 2.045168209703729367e+00 1.992191137186320127e+00
4.549643327653783764e+00 2.073823905527034661e+00 1.998480611968281639e+00
4.536510164545221713e+00 2.102397566346071223e+00 2.004770086750243152e+00
4.523197549058989964e+00 2.130888061862176386e+00 2.011059561532205109e+00
4.509706007807047889e+00 2.159294265066486584e+00 2.017349036314166177e+00
4.496036074479183853e+00 2.187615052284521244e+00 2.023638511096128134e+00
4.482188289821909422e+00 2.215849303220630340e+00 2.029927985878089647e+00
4.468163201617061375e+00 2.243995901002310500e+00 2.036217460660051159e+00
4.453961364660141697e+00 2.272053732224387002e+00 2.042506935442012672e+00
4.439583340738365358e+00 2.300021686993054981e+00 2.048796410223974185e+00
4.425029698608437201e+00 2.327898658969785206e+00 2.055085885005935697e+00
4.410301013974057049e+00 2.355683545415089064e+00 2.061375359787897210e+00
4.395397869463144147e+00 2.383375247232137006e+00 2.067664834569858723e+00
4.380320854604791592e+00 2.410972669010238434e+00 2.073954309351820235e+00
4.365070565805940994e+00 2.438474719068172369e+00 2.080243784133781748e+00
4.349647606327798677e+00 2.465880309497372025e+00 2.086533258915743261e+00
4.334052586261964102e+00 2.493188356204957046e+00 2.092822733697705218e+00
4.318286122506302505e+00 2.520397778956622759e+00 2.099112208479666286e+00
4.302348838740538639e+00 2.547507501419365994e+00 2.105401683261628243e+00
4.286241365401584069e+00 2.574516451204063028e+00 2.111691158043589756e+00
4.269964339658604224e+00 2.601423559907894312e+00 2.117980632825551268e+00
4.253518405387807455e+00 2.628227763156603558e+00 2.124270107607512781e+00
4.236904213146980958e+00 2.654928000646601394e+00 2.130559582389474294e+00
4.220122420149751363e+00 2.681523216186912251e+00 2.136849057171435806e+00
4.203173690239591309e+00 2.708012357740949838e+00 2.143138531953397319e+00
4.186058693863553337e+00 2.734394377468136739e+00 2.149428006735358831e+00
4.168778108045757769e+00 2.760668231765350811e+00 2.155717481517320344e+00
4.151332616360604355e+00 2.786832881308210386e+00 2.162006956299281857e+00
4.133722908905731686e+00 2.812887291092185382e+00 2.168296431081243369e+00
4.115949682274726129e+00 2.838830430473539224e+00 2.174585905863205326e+00
4.098013639529558105e+00 2.864661273210099779e+00 2.180875380645166395e+00
4.079915490172773218e+00 2.890378797501853558e+00 2.187164855427128352e+00
4.061655950119430258e+00 2.915981986031366269e+00 2.193454330209089864e+00
4.043235741668775418e+00 2.941469826004024846e+00 2.199743804991051377e+00
4.024655593475674031e+00 2.966841309188101850e+00 2.206033279773012890e+00
4.005916240521787408e+00 2.992095431954633789e+00 2.212322754554974402e+00
3.987018424086495205e+00 3.017231195317130243e+00 2.218612229336935915e+00
3.967962891717574436e+00 3.042247604971084929e+00 2.224901704118897428e+00
3.948750397201630236e+00 3.067143671333308674e+00 2.231191178900858940e+00
3.929381700534274380e+00 3.091918409581076332e+00 2.237480653682820453e+00
3.909857567890065333e+00 3.116570839691083172e+00 2.243770128464781966e+00
3.890178771592197826e+00 3.141099986478211203e+00 2.250059603246743478e+00
3.870346090081953072e+00 3.165504879634106317e+00 2.256349078028705435e+00
3.850360307887906064e+00 3.189784553765559139e+00 2.262638552810666503e+00
3.830222215594889956e+00 3.213938048432696259e+00 2.268928027592628460e+00
3.809932609812725524e+00 3.237964408186970289e+00 2.275217502374589973e+00
3.789492293144705037e+00 3.261862682608954067e+00 2.281506977156551486e+00
3.768902074155847437e+00 3.285631926345942588e+00 2.287796451938512998e+00
3.748162767340912804e+00 3.309271199149339981e+00 2.294085926720474511e+00
3.727275193092181027e+00 3.332779565911859976e+00 2.300375401502436024e+00
3.706240177667001312e+00 3.356156096704513203e+00 2.306664876284397536e+00
3.685058553155106775e+00 3.379399866813395104e+00 2.312954351066359049e+00
3.663731157445699438e+00 3.402509956776262001e+00 2.319243825848320562e+00
3.642258834194304740e+00 3.425485452418904231e+00 2.325533300630282518e+00
3.620642432789400900e+00 3.448325444891309211e+00 2.331822775412243587e+00
3.598882808318817794e+00 3.471029030703612239e+00 2.338112250194205544e+00
3.576980821535910238e+00 3.493595311761836797e+00 2.344401724976166612e+00
3.554937338825511883e+00 3.516023395403419016e+00 2.350691199758128569e+00
3.532753232169661750e+00 3.538312394432521657e+00 2.356980674540090082e+00
3.510429379113113146e+00 3.560461427155127367e+00 2.363270149322051594e+00
3.487966662728614775e+00 3.582469617413916119e+00 2.369559624104013107e+00
3.465365971581985782e+00 3.604336094622925479e+00 2.375849098885974620e+00
3.442628199696961211e+00 3.626059993801986181e+00 2.382138573667936132e+00
3.419754246519828289e+00 3.647640455610941856e+00 2.388428048449897645e+00
3.396745016883849111e+00 3.669076626383638295e+00 2.394717523231859158e+00
3.373601420973463050e+00 3.690367658161694653e+00 2.401006998013820670e+00
3.350324374288286666e+00 3.711512708728046395e+00 2.407296472795782627e+00
3.326914797606896901e+00 3.732510941640259539e+00 2.413585947577743696e+00
3.303373616950407321e+00 3.753361526263621517e+00 2.419875422359705652e+00
3.279701763545838755e+00 3.774063637803993565e+00 2.426164897141666721e+00
3.255900173789278984e+00 3.794616457340444615e+00 2.432454371923628678e+00
3.231969789208846588e+00 3.815019171857636060e+00 2.438743846705590190e+00
3.207911556427442079e+00 3.835270974277993350e+00 2.445033321487551703e+00
3.183726427125303182e+00 3.855371063493623573e+00 2.451322796269513216e+00
3.159415358002361174e+00 3.875318644398007439e+00 2.457612271051474728e+00
3.134979310740392933e+00 3.895112927917455892e+00 2.463901745833436241e+00
3.110419251964980258e+00 3.914753131042315815e+00 2.470191220615397754e+00
3.085736153207276455e+00 3.934238476857949696e+00 2.476480695397359266e+00
3.060930990865568635e+00 3.953568194575468375e+00 2.482770170179320779e+00
3.036004746166658386e+00 3.972741519562218215e+00 2.489059644961282736e+00
3.010958405127047932e+00 3.991757693372029348e+00 2.495349119743243804e+00
2.985792958513931339e+00 4.010615963775218340e+00 2.501638594525205761e+00
2.960509401806005858e+00 4.029315584788345284e+00 2.507928069307167274e+00
2.935108735154093207e+00 4.047855816703719967e+00 2.514217544089128786e+00
2.909591963341576104e+00 4.066235926118664246e+00 2.520507018871090299e+00
2.883960095744648733e+00 4.084455185964526613e+00 2.526796493653051812e+00
2.858214146292393565e+00 4.102512875535436976e+00 2.533085968435013324e+00
2.832355133426669891e+00 4.120408280516821620e+00 2.539375443216974837e+00
2.806384080061826047e+00 4.138140693013655280e+00 2.545664917998936350e+00
2.780302013544238005e+00 4.155709411578467183e+00 2.551954392780897862e+00
2.754109965611670319e+00 4.173113741239085961e+00 2.558243867562859375e+00
2.727808972352460337e+00 4.190352993526131442e+00 2.564533342344820888e+00
2.701400074164534981e+00 4.207426486500250640e+00 2.570822817126782844e+00
2.674884315714258776e+00 4.224333544779089067e+00 2.577112291908743913e+00
2.648262745895102910e+00 4.241073499564010696e+00 2.583401766690705870e+00
2.621536417786159312e+00 4.257645688666555905e+00 2.589691241472666938e+00
2.594706388610479753e+00 4.274049456534629421e+00 2.595980716254628895e+00
2.567773719693258183e+00 4.290284154278437789e+00 2.602270191036590408e+00
2.540739476419846543e+00 4.306349139696154182e+00 2.608559665818551920e+00
2.513604728193609361e+00 4.322243777299324741e+00 2.614849140600513433e+00
2.486370548393621149e+00 4.337967438338006687e+00 2.621138615382474946e+00
2.459038014332209254e+00 4.353519500825637323e+00 2.627428090164436458e+00
2.431608207212334616e+00 4.368899349563641898e+00 2.633717564946397971e+00
2.404082212084824199e+00 4.384106376165767927e+00 2.640007039728359928e+00
2.376461117805449774e+00 4.399139979082146823e+00 2.646296514510320996e+00
2.348746016991854368e+00 4.413999563623097977e+00 2.652585989292282953e+00
2.320938005980331287e+00 4.428684541982646827e+00 2.658875464074244022e+00
2.293038184782454803e+00 4.443194333261779150e+00 2.665164938856205978e+00
2.265047657041571405e+00 4.457528363491419121e+00 2.671454413638167047e+00
2.236967529989134285e+00 4.471686065655136488e+00 2.677743888420129004e+00
2.208798914400916136e+00 4.485666879711570409e+00 2.684033363202090516e+00
2.180542924553055428e+00 4.499470252616591281e+00 2.690322837984052029e+00
2.152200678177990767e+00 4.513095638345169469e+00 2.696612312766013542e+00
2.123773296420239820e+00 4.526542497912982910e+00 2.702901787547975054e+00
2.095261903792050795e+00 4.539810299397730731e+00 2.709191262329936567e+00
2.066667628128921130e+00 4.552898517960177749e+00 2.715480737111898080e+00
2.037991600544981186e+00 4.565806635864916529e+00 2.721770211893860036e+00
2.009234955388255806e+00 4.578534142500846116e+00 2.728059686675821105e+00
1.980398830195784443e+00 4.591080534401370095e+00 2.734349161457783062e+00
1.951484365648628039e+00 4.603445315264314885e+00 2.740638636239744130e+00
1.922492705526746004e+00 4.615627995971561148e+00 2.746928111021706087e+00
1.893424996663751525e+00 4.627628094608389198e+00 2.753217585803667156e+00
1.864282388901543186e+00 4.639445136482546417e+00 2.759507060585629112e+00
1.835066035044826904e+00 4.651078654143020685e+00 2.765796535367590625e+00
1.805777090815505970e+00 4.662528187398536694e+00 2.772086010149552138e+00
1.776416714806968722e+00 4.673793283335754722e+00 2.778375484931513650e+00
1.746986068438255435e+00 4.684873496337190524e+00 2.784664959713475163e+00
1.717486315908117067e+00 4.695768388098838564e+00 2.790954434495436676e+00
1.687918624148962543e+00 4.706477527647515480e+00 2.797243909277398188e+00
1.658284162780695459e+00 4.717000491357906000e+00 2.803533384059360145e+00
1.628584104064453086e+00 4.727336862969316655e+00 2.809822858841321214e+00
1.598819622856226808e+00 4.737486233602148822e+00 2.816112333623283170e+00
1.568991896560393950e+00 4.747448201774066234e+00 2.822401808405244239e+00
1.539102105083139715e+00 4.757222373415882721e+00 2.828691283187206196e+00
1.509151430785784731e+00 4.766808361887146184e+00 2.834980757969167264e+00
1.479141058438012468e+00 4.776205787991434804e+00 2.841270232751129221e+00
1.449072175171006283e+00 4.785414279991353936e+00 2.847559707533090734e+00
1.418945970430484760e+00 4.794433473623248787e+00 2.853849182315052246e+00
1.388763635929653351e+00 4.803263012111605335e+00 2.860138657097013759e+00
1.358526365602063857e+00 4.811902546183167040e+00 2.866428131878975272e+00
1.328235355554382435e+00 4.820351734080753126e+00 2.872717606660936784e+00
1.297891804019079220e+00 4.828610241576773099e+00 2.879007081442898297e+00
1.267496911307024021e+00 4.836677741986450840e+00 2.885296556224860254e+00
1.237051879760012518e+00 4.844553916180747599e+00 2.891586031006821322e+00
1.206557913703196983e+00 4.852238452598984786e+00 2.897875505788783279e+00
1.176016219397450824e+00 4.859731047261167447e+00 2.904164980570744348e+00
1.145428004991650761e+00 4.867031403780012866e+00 2.910454455352706304e+00
1.114794480474887051e+00 4.874139233372670965e+00 2.916743930134667373e+00
1.084116857628596220e+00 4.881054254872148057e+00 2.923033404916629330e+00
1.053396349978632074e+00 4.887776194738430391e+00 2.929322879698590842e+00
1.022634172747254988e+00 4.894304787069307494e+00 2.935612354480552355e+00
9.918315428050651361e-01 4.900639773610882877e+00 2.941901829262513868e+00
9.609896786228654397e-01 4.906780903767796964e+00 2.948191304044475380e+00
9.301098002234611251e-01 4.912727934613138281e+00 2.954480778826436893e+00
8.991931291333994380e-01 4.918480630898050876e+00 2.960770253608398406e+00
8.682408883346520723e-01 4.924038765061039769e+00 2.967059728390360362e+00
8.372543022162317605e-01 4.929402117236978853e+00 2.973349203172321431e+00
8.062345965257621261e-01 4.934570475265799949e+00 2.979638677954283388e+00
7.751829983209901354e-01 4.939543634700890529e+00 2.985928152736244456e+00
7.441007359212461481e-01 4.944321398817178803e+00 2.992217627518206413e+00
7.129890388588555616e-01 4.948903578618917720e+00 2.998507102300167482e+00
6.818491378305000516e-01 4.953289992847158985e+00 3.004796577082129438e+00
6.506822646485389550e-01 4.957480467986924211e+00 3.011086051864090951e+00
6.194896521922761412e-01 4.961474838274067878e+00 3.017375526646052464e+00
5.882725343591936884e-01 4.965272945701838303e+00 3.023665001428013976e+00
5.570321460161424820e-01 4.968874640027120648e+00 3.029954476209975489e+00
5.257697229504926240e-01 4.972279778776387715e+00 3.036243950991937002e+00
4.944865018212493135e-01 4.975488227251330109e+00 3.042533425773898514e+00
4.631837201101370871e-01 4.978499858534187972e+00 3.048822900555860471e+00
4.318626160726426466e-01 4.981314553492771857e+00 3.055112375337821540e+00
4.005244286890362604e-01 4.983932200785170963e+00 3.061401850119783496e+00
3.691703976153606903e-01 4.986352696864163825e+00 3.067691324901744565e+00
3.378017631343931404e-01 4.988575945981307491e+00 3.073980799683706522e+00
3.064197661065818923e-01 4.990601860190731820e+00 3.080270274465668034e+00
2.750256479209657878e-01 4.992430359352612257e+00 3.086559749247629547e+00
2.436206504460614042e-01 4.994061371136345961e+00 3.092849224029591060e+00
2.122060159807423185e-01 4.995494831023407301e+00 3.099138698811552572e+00
1.807829872050960296e-01 4.996730682309904026e+00 3.105428173593514085e+00
1.493528071312669459e-01 4.997768876108819036e+00 3.111717648375475598e+00
1.179167190542858290e-01 4.998609371351943942e+00 3.118007123157437110e+00
8.647596650288739972e-02 4.999252134791501767e+00 3.124296597939398623e+00
5.503179319032405759e-02 4.999697141001468559e+00 3.130586072721360580e+00
2.358544296516111582e-02 4.999944372378569923e+00 3.136875547503321648e+00
-7.861840237922069347e-03 4.999993819142987128e+00 3.143165022285283605e+00
-3.930881244734000385e-02 4.999845479338734577e+00 3.149454497067244674e+00
-7.075422970380926269e-02 4.999499358833744189e+00 3.155743971849206631e+00
-1.021968481095573839e-01 4.998955471319630917e+00 3.162033446631168143e+00
-1.336354238775237235e-01 4.998213838311150070e+00 3.168322921413129656e+00
-1.650687133805670559e-01 4.997274489145346443e+00 3.174612396195091168e+00
-1.964954732006557458e-01 4.996137460980397016e+00 3.180901870977052681e+00
-2.279144601780552226e-01 4.994802798794137466e+00 3.187191345759014194e+00
-2.593244314605039902e-01 4.993270555382282261e+00 3.193480820540975706e+00
-2.907241445523777723e-01 4.991540791356340989e+00 3.199770295322937219e+00
-3.221123573638402515e-01 4.989613575141216728e+00 3.206059770104898732e+00
-3.534878282599726584e-01 4.987488982972497986e+00 3.212349244886860689e+00
-3.848493161098961446e-01 4.985167098893451332e+00 3.218638719668821757e+00
-4.161955803358629025e-01 4.982648014751683618e+00 3.224928194450783714e+00
-4.475253809623319090e-01 4.979931830195521769e+00 3.231217669232744782e+00
-4.788374786650184678e-01 4.977018652670063048e+00 3.237507144014706739e+00
-5.101306348199201590e-01 4.973908597412926902e+00 3.243796618796668252e+00
-5.414036115523086501e-01 4.970601787449696829e+00 3.250086093578629765e+00
-5.726551717857037982e-01 4.967098353589053161e+00 3.256375568360591277e+00
-6.038840792908047872e-01 4.963398434417601202e+00 3.262665043142552790e+00
-6.350890987343926763e-01 4.959502176294384945e+00 3.268954517924514303e+00
-6.662689957281973108e-01 4.955409733345098822e+00 3.275243992706475815e+00
-6.974225368777264844e-01 4.951121267455993014e+00 3.281533467488437328e+00
-7.285484898310566892e-01 4.946636948267467915e+00 3.287822942270398840e+00
-7.596456233275773462e-01 4.941956953167363942e+00 3.294112417052360797e+00
-7.907127072467032836e-01 4.937081467283944924e+00 3.300401891834321866e+00
-8.217485126565295950e-01 4.932010683478573299e+00 3.306691366616283823e+00
-8.527518118624473065e-01 4.926744802338082430e+00 3.312980841398244891e+00
-8.837213784557068630e-01 4.921284032166843403e+00 3.319270316180206848e+00
-9.146559873619328762e-01 4.915628588978520952e+00 3.325559790962168361e+00
-9.455544148895809187e-01 4.909778696487533622e+00 3.331849265744129873e+00
-9.764154387783492428e-01 4.903734586100198634e+00 3.338138740526091386e+00
-1.007237838247525108e+00 4.897496496905581864e+00 3.344428215308052899e+00
-1.038020394044274930e+00 4.891064675666042305e+00 3.350717690090014411e+00
-1.068761888491876810e+00 4.884439376807462985e+00 3.357007164871975924e+00
-1.099461105537888006e+00 4.877620862409194125e+00 3.363296639653937881e+00
-1.130116830802244676e+00 4.870609402193680992e+00 3.369586114435898949e+00
-1.160727851625307228e+00 4.863405273515800431e+00 3.375875589217860906e+00
-1.191292957115824169e+00 4.856008761351881198e+00 3.382165063999821975e+00
-1.221810938198833574e+00 4.848420158288438309e+00 3.388454538781783931e+00
-1.252280587663491263e+00 4.840639764510593857e+00 3.394744013563745000e+00
-1.282700700210823941e+00 4.832667887790207395e+00 3.401033488345706957e+00
-1.313070072501409058e+00 4.824504843473695459e+00 3.407322963127668469e+00
-1.343387503202972066e+00 4.816150954469563317e+00 3.413612437909629982e+00
-1.373651793037913516e+00 4.807606551235627634e+00 3.419901912691591495e+00
-1.403861744830745550e+00 4.798871971765946043e+00 3.426191387473553007e+00
-1.434016163555449808e+00 4.789947561577444723e+00 3.432480862255514520e+00
-1.464113856382750489e+00 4.780833673696255559e+00 3.438770337037476033e+00
-1.494153632727298397e+00 4.771530668643744200e+00 3.445059811819437989e+00
-1.524134304294765263e+00 4.762038914422257463e+00 3.451349286601399058e+00
-1.554054685128855029e+00 4.752358786500558097e+00 3.457638761383361015e+00
-1.583913591658212772e+00 4.742490667798976212e+00 3.463928236165322083e+00
-1.613709842743245249e+00 4.732434948674263175e+00 3.470217710947284040e+00
-1.643442259722842858e+00 4.722192026904145301e+00 3.476507185729245109e+00
-1.673109666461006784e+00 4.711762307671593319e+00 3.482796660511207065e+00
-1.702710889393367566e+00 4.701146203548795199e+00 3.489086135293168578e+00
-1.732244757573616845e+00 4.690344134480829652e+00 3.495375610075130091e+00
-1.761710102719820537e+00 4.679356527769060747e+00 3.501665084857091603e+00
-1.791105759260636088e+00 4.668183818054231438e+00 3.507954559639053116e+00
-1.820430564381417593e+00 4.656826447299271976e+00 3.514244034421014629e+00
-1.849683358070215000e+00 4.645284864771814348e+00 3.520533509202976141e+00
-1.878862983163660516e+00 4.633559527026425151e+00 3.526822983984938098e+00
-1.907968285392741770e+00 4.621650897886542708e+00 3.533112458766899167e+00
-1.936998113428464396e+00 4.609559448426125527e+00 3.539401933548861123e+00
-1.965951318927393832e+00 4.597285656951027200e+00 3.545691408330822192e+00
-1.994826756577080529e+00 4.584830008980067539e+00 3.551980883112784149e+00
-2.023623284141366163e+00 4.572192997225829281e+00 3.558270357894745217e+00
-2.052339762505568821e+00 4.559375121575168777e+00 3.564559832676707174e+00
-2.080975055721537625e+00 4.546376889069442484e+00 3.570849307458668687e+00
-2.109528031052596120e+00 4.533198813884446565e+00 3.577138782240630199e+00
-2.137997559018344873e+00 4.519841417310081155e+00 3.583428257022591712e+00
-2.166382513439341739e+00 4.506305227729724194e+00 3.589717731804553225e+00
-2.194681771481651555e+00 4.492590780599337030e+00 3.596007206586514737e+00
-2.222894213701262167e+00 4.478698618426277811e+00 3.602296681368476250e+00
-2.251018724088365008e+00 4.464629290747843093e+00 3.608586156150437763e+00
-2.279054190111504230e+00 4.450383354109530565e+00 3.614875630932399275e+00
-2.306999502761584164e+00 4.435961372043021100e+00 3.621165105714360788e+00
-2.334853556595740010e+00 4.421363915043889037e+00 3.627454580496322745e+00
-2.362615249781059301e+00 4.406591560549035336e+00 3.633744055278284257e+00
-2.390283484138179926e+00 4.391644892913843634e+00 3.640033530060245770e+00
-2.417857165184721602e+00 4.376524503389064513e+00 3.646323004842207283e+00
-2.445335202178583689e+00 4.361230990097431537e+00 3.652612479624168795e+00
-2.472716508161092897e+00 4.345764958009994849e+00 3.658901954406130308e+00
-2.499999999999999112e+00 4.330127018922193649e+00 3.665191429188091821e+00
-2.527184598432321572e+00 4.314317791429655990e+00 3.671480903970053333e+00
-2.554269228107041823e+00 4.298337900903726805e+00 3.677770378752014846e+00
-2.581252817627642138e+00 4.282187979466730354e+00 3.684059853533976359e+00
-2.608134299594487171e+00 4.265868665966964457e+00 3.690349328315937871e+00
-2.634912610647046183e+00 4.249380605953433587e+00 3.696638803097899384e+00
-2.661586691505958058e+00 4.232724451650303976e+00 3.702928277879860897e+00
-2.688155487014936007e+00 4.215900861931112686e+00 3.709217752661822853e+00
-2.714617946182496411e+00 4.198910502292698688e+00 3.715507227443784366e+00
-2.740973022223548661e+00 4.181754044828880801e+00 3.721796702225745879e+00
-2.767219672600791824e+00 4.164432168203867413e+00 3.728086177007707391e+00
-2.793356859065959874e+00 4.146945557625414835e+00 3.734375651789668904e+00
-2.819383547700888393e+00 4.129294904817716549e+00 3.740665126571630417e+00
-2.845298708958417855e+00 4.111480907994048195e+00 3.746954601353591929e+00
-2.871101317703116607e+00 4.093504271829140784e+00 3.753244076135553442e+00
-2.896790353251833317e+00 4.075365707431312323e+00 3.759533550917514955e+00
-2.922364799414073566e+00 4.057065932314330325e+00 3.765823025699476467e+00
-2.947823644532195253e+00 4.038605670369035394e+00 3.772112500481437980e+00
-2.973165881521431242e+00 4.019985651834703688e+00 3.778401975263399493e+00
-2.998390507909723723e+00 4.001206613270159806e+00 3.784691450045361449e+00
-3.023496525877376495e+00 3.982269297524645424e+00 3.790980924827322962e+00
-3.048482942296534048e+00 3.963174453708424139e+00 3.797270399609284475e+00
-3.073348768770461259e+00 3.943922837163157169e+00 3.803559874391245987e+00
-3.098093021672642777e+00 3.924515209432022811e+00 3.809849349173207500e+00
-3.122714722185693681e+00 3.904952338229588094e+00 3.816138823955169013e+00
-3.147212896340078281e+00 3.885234997411442848e+00 3.822428298737130525e+00
-3.171586575052637080e+00 3.865363966943589080e+00 3.828717773519092038e+00
-3.195834794164923665e+00 3.845340032871584768e+00 3.835007248301053551e+00
-3.219956594481340417e+00 3.825163987289450951e+00 3.841296723083015063e+00
-3.243951021807085056e+00 3.804836628308339019e+00 3.847586197864976576e+00
-3.267817126985894660e+00 3.784358760024959967e+00 3.853875672646938089e+00
-3.291553965937592530e+00 3.763731192489775168e+00 3.860165147428899601e+00
-3.315160599695432975e+00 3.742954741674953123e+00 3.866454622210861558e+00
-3.338636094443241831e+00 3.722030229442094829e+00 3.872744096992823071e+00
-3.361979521552362016e+00 3.700958483509718011e+00 3.879033571774784583e+00
-3.385189957618381484e+00 3.679740337420517093e+00 3.885323046556746096e+00
-3.408266484497663562e+00 3.658376630508391791e+00 3.891612521338707609e+00
-3.431208189343667669e+00 3.636868207865244340e+00 3.897901996120669121e+00
-3.454014164643053775e+00 3.615215920307547570e+00 3.904191470902630634e+00
-3.476683508251588339e+00 3.593420624342692271e+00 3.910480945684592147e+00
-3.499215323429825553e+00 3.571483182135106293e+00 3.916770420466553659e+00
-3.521608718878580291e+00 3.549404461472144057e+00 3.923059895248515172e+00
-3.543862808774190132e+00 3.527185335729766891e+00 3.929349370030476685e+00
-3.565976712803549109e+00 3.504826683837988899e+00 3.935638844812438197e+00
-3.587949556198937628e+00 3.482329390246110545e+00 3.941928319594399710e+00
-3.609780469772622347e+00 3.459694344887731088e+00 3.948217794376361667e+00
-3.631468589951234893e+00 3.436922443145551842e+00 3.954507269158323179e+00
-3.653013058809943203e+00 3.414014585815945413e+00 3.960796743940284692e+00
-3.674413024106378600e+00 3.390971679073332190e+00 3.967086218722246205e+00
-3.695667639314355046e+00 3.367794634434329915e+00 3.973375693504207717e+00
-3.716776063657349916e+00 3.344484368721698520e+00 3.979665168286169230e+00
-3.737737462141766720e+00 3.321041804028070921e+00 3.985954643068130743e+00
-3.758551005589965133e+00 3.297467867679480413e+00 3.992244117850092255e+00
-3.779215870673058753e+00 3.273763492198676239e+00 3.998533592632053768e+00
-3.799731239943486383e+00 3.249929615268234429e+00 4.004823067414015725e+00
-3.820096301867345723e+00 3.225967179693468800e+00 4.011112542195976793e+00
-3.840310250856497021e+00 3.201877133365131467e+00 4.017402016977937862e+00
-3.860372287300429139e+00 3.177660429221922378e+00 4.023691491759899819e+00
-3.880281617597894694e+00 3.153318025212786146e+00 4.029980966541861775e+00
-3.900037454188290731e+00 3.128850884259029463e+00 4.036270441323823732e+00
-3.919639015582828012e+00 3.104259974216218687e+00 4.042559916105784801e+00
-3.939085526395433412e+00 3.079546267835898909e+00 4.048849390887745869e+00
-3.958376217373426265e+00 3.054710742727115402e+00 4.055138865669707826e+00
-3.977510325427948690e+00 3.029754381317741885e+00 4.061428340451669783e+00
-3.996487093664149892e+00 3.004678170815615612e+00 4.067717815233630851e+00
-4.015305771411127544e+00 2.979483103169489500e+00 4.074007290015591920e+00
-4.033965614251620480e+00 2.954170175029791512e+00 4.080296764797553877e+00
-4.052465884051459355e+00 2.928740387709198423e+00 4.086586239579515833e+00
-4.070805848988762854e+00 2.903194747143029275e+00 4.092875714361476902e+00
-4.088984783582887417e+00 2.877534263849451435e+00 4.099165189143437971e+00
-4.107001968723125174e+00 2.851759952889509453e+00 4.105454663925399927e+00
-4.124856691697150524e+00 2.825872833826964303e+00 4.111744138707361884e+00
-4.142548246219210029e+00 2.799873930687977186e+00 4.118033613489323841e+00
-4.160075932458068060e+00 2.773764271920586388e+00 4.124323088271284909e+00
-4.177439057064681549e+00 2.747544890354030933e+00 4.130612563053245978e+00
-4.194636933199635820e+00 2.721216823157895703e+00 4.136902037835207935e+00
-4.211668880560307748e+00 2.694781111801083373e+00 4.143191512617169892e+00
-4.228534225407779346e+00 2.668238802010613142e+00 4.149480987399130960e+00
-4.245232300593488439e+00 2.641590943730258711e+00 4.155770462181092029e+00
-4.261762445585619119e+00 2.614838591079013952e+00 4.162059936963053985e+00
-4.278124006495231946e+00 2.587982802309393815e+00 4.168349411745015942e+00
-4.294316336102129483e+00 2.561024639765573596e+00 4.174638886526977011e+00
-4.310338793880456265e+00 2.533965169841364329e+00 4.180928361308938079e+00
-4.326190746024040301e+00 2.506805462938031415e+00 4.187217836090900036e+00
-4.341871565471462802e+00 2.479546593421947609e+00 4.193507310872861993e+00
-4.357380631930861448e+00 2.452189639582103009e+00 4.199796785654823950e+00
-4.372717331904470761e+00 2.424735683587439627e+00 4.206086260436785018e+00
-4.387881058712888027e+00 2.397185811444049630e+00 4.212375735218746087e+00
-4.402871212519072763e+00 2.369541112952216810e+00 4.218665210000708043e+00
-4.417687200352075294e+00 2.341802681663303964e+00 4.224954684782670000e+00
-4.432328436130492655e+00 2.313971614836496382e+00 4.231244159564631069e+00
-4.446794340685650937e+00 2.286049013395397012e+00 4.237533634346592137e+00
-4.461084341784518514e+00 2.258035981884476850e+00 4.243823109128554094e+00
-4.475197874152338606e+00 2.229933628425381897e+00 4.250112583910516051e+00
-4.489134379494994498e+00 2.201743064673098882e+00 4.256402058692477119e+00
-4.502893306521090544e+00 2.173465405771980663e+00 4.262691533474438188e+00
-4.516474110963761390e+00 2.145101770311632627e+00 4.268981008256400145e+00
-4.529876255602199642e+00 2.116653280282672522e+00 4.275270483038362102e+00
-4.543099210282909084e+00 2.088121061032335302e+00 4.281559957820324058e+00
-4.556142451940678129e+00 2.059506241219964284e+00 4.287849432602285127e+00
-4.569005464619265489e+00 2.030809952772362870e+00 4.294138907384246195e+00
-4.581687739491814959e+00 2.002033330839020131e+00 4.300428382166208152e+00
-4.594188774880979764e+00 1.973177513747205403e+00 4.306717856948170109e+00
-4.606508076278769792e+00 1.944243642956938967e+00 4.313007331730131177e+00
-4.618645156366111948e+00 1.915232863015840170e+00 4.319296806512092246e+00
-4.630599535032128955e+00 1.886146321513851198e+00 4.325586281294054203e+00
-4.642370739393127721e+00 1.856985169037842498e+00 4.331875756076016160e+00
-4.653958303811308816e+00 1.827750559126097407e+00 4.338165230857977228e+00
-4.665361769913186407e+00 1.798443648222680880e+00 4.344454705639938297e+00
-4.676580686607714199e+00 1.769065595631693855e+00 4.350744180421900253e+00
-4.687614610104136936e+00 1.739617563471420159e+00 4.357033655203862210e+00
-4.698463103929541695e+00 1.710100716628344397e+00 4.363323129985824167e+00
-4.709125738946124073e+00 1.680516222711081253e+00 4.369612604767785236e+00
-4.719602093368163942e+00 1.650865252004185102e+00 4.375902079549746304e+00
-4.729891752778711655e+00 1.621148977421855930e+00 4.382191554331708261e+00
-4.739994310145976719e+00 1.591368574461544227e+00 4.388481029113670218e+00
-4.749909365839434905e+00 1.561525221157449073e+00 4.394770503895631286e+00
-4.759636527645632498e+00 1.531620098033918964e+00 4.401059978677592355e+00
-4.769175410783700997e+00 1.501654388058754286e+00 4.407349453459554312e+00
-4.778525637920584046e+00 1.471629276596411184e+00 4.413638928241516268e+00
-4.787686839185953502e+00 1.441545951361111522e+00 4.419928403023477337e+00
-4.796658652186850169e+00 1.411405602369860901e+00 4.426217877805438405e+00
-4.805440722022013667e+00 1.381209421895372547e+00 4.432507352587400362e+00
-4.814032701295921868e+00 1.350958604418911246e+00 4.438796827369362319e+00
-4.822434250132535460e+00 1.320654346583032268e+00 4.445086302151324276e+00
-4.830645036188739638e+00 1.290297847144252330e+00 4.451375776933285344e+00
-4.838664734667493583e+00 1.259890306925627090e+00 4.457665251715246413e+00
-4.846493028330677078e+00 1.229432928769252698e+00 4.463954726497208370e+00
-4.854129607511637801e+00 1.198926917488681410e+00 4.470244201279170326e+00
-4.861574170127444638e+00 1.168373479821263938e+00 4.476533676061131395e+00
-4.868826421690833683e+00 1.137773824380413856e+00 4.482823150843092463e+00
-4.875886075321860247e+00 1.107129161607797840e+00 4.489112625625054420e+00
-4.882752851759246226e+00 1.076440703725453973e+00 4.495402100407016377e+00
-4.889426479371424605e+00 1.045709664687839213e+00 4.501691575188977446e+00
-4.895906694167289963e+00 1.014937260133809360e+00 4.507981049970938514e+00
-4.902193239806633684e+00 9.841247073385277488e-01 4.514270524752900471e+00
-4.908285867610290509e+00 9.532732251653235345e-01 4.520559999534862428e+00
-4.914184336569974221e+00 9.223840340174627173e-01 4.526849474316824384e+00
-4.919888413357807799e+00 8.914583557898808630e-01 4.533138949098785453e+00
-4.925397872335556926e+00 8.604974138208464352e-01 4.539428423880746521e+00
-4.930712495563557063e+00 8.295024328435682825e-01 4.545717898662708478e+00
-4.935832072809328785e+00 7.984746389377488374e-01 4.552007373444670435e+00
-4.940756401555897348e+00 7.674152594810832451e-01 4.558296848226631504e+00
-4.945485287009806719e+00 7.363255231007077573e-01 4.564586323008592572e+00
-4.950018542108819197e+00 7.052066596245987196e-01 4.570875797790554529e+00
-4.954355987529318384e+00 6.740599000329234869e-01 4.577165272572516486e+00
-4.958497451693403058e+00 6.428864764093458195e-01 4.583454747354477554e+00
-4.962442770775675527e+00 6.116876218922865371e-01 4.589744222136439511e+00
-4.966191788709714672e+00 5.804645706261517546e-01 4.596033696918400580e+00
-4.969744357194261219e+00 5.492185577125009432e-01 4.602323171700362536e+00
-4.973100335699074392e+00 5.179508191611975620e-01 4.608612646482324493e+00
-4.976259591470495458e+00 4.866625918415143359e-01 4.614902121264285562e+00
-4.979221999536697751e+00 4.553551134332054495e-01 4.621191596046246630e+00
-4.981987442712632941e+00 4.240296223775474882e-01 4.627481070828208587e+00
-4.984555811604660214e+00 3.926873578283498478e-01 4.633770545610170544e+00
-4.986927004614880587e+00 3.613295596029369450e-01 4.640060020392131612e+00
-4.989100927945154140e+00 3.299574681331046144e-01 4.646349495174092681e+00
-4.991077495600803715e+00 2.985723244160516932e-01 4.652638969956054638e+00
-4.992856629394029966e+00 2.671753699652895664e-01 4.658928444738016594e+00
-4.994438258946988896e+00 2.357678467615309525e-01 4.665217919519977663e+00
-4.995822321694588730e+00 2.043509972035584543e-01 4.671507394301939620e+00
-4.997008762886956390e+00 1.729260640590873366e-01 4.677796869083900688e+00
-4.997997535591608198e+00 1.414942904155913894e-01 4.684086343865862645e+00
-4.998788600695302620e+00 1.100569196311389220e-01 4.690375818647824602e+00
-4.999381926905591911e+00 7.861519528520627409e-02 4.696665293429785670e+00
-4.999777490752054909e+00 4.717036112948522902e-02 4.702954768211746739e+00
-4.999975276587229622e+00 1.572366103868343828e-02 4.709244242993708696e+00
-4.999975276587229622e+00 -1.572366103867999312e-02 4.715533717775670652e+00
-4.999777490752054909e+00 -4.717036112948178733e-02 4.721823192557631721e+00
-4.999381926905591911e+00 -7.861519528520281852e-02 4.728112667339592790e+00
-4.998788600695302620e+00 -1.100569196311354664e-01 4.734402142121554746e+00
-4.997997535591608198e+00 -1.414942904155879477e-01 4.740691616903516703e+00
-4.997008762886957278e+00 -1.729260640590838949e-01 4.746981091685477772e+00
-4.995822321694588730e+00 -2.043509972035572608e-01 4.753270566467439728e+00
-4.994438258946988896e+00 -2.357678467615275109e-01 4.759560041249400797e+00
-4.992856629394029966e+00 -2.671753699652861247e-01 4.765849516031362754e+00
-4.991077495600804603e+00 -2.985723244160482515e-01 4.772138990813324710e+00
-4.989100927945154140e+00 -3.299574681331011172e-01 4.778428465595285779e+00
-4.986927004614881476e+00 -3.613295596029334478e-01 4.784717940377246848e+00
-4.984555811604660214e+00 -3.926873578283463506e-01 4.791007415159208804e+00
-4.981987442712632941e+00 -4.240296223775441020e-01 4.797296889941170761e+00
-4.979221999536697751e+00 -4.553551134332020633e-01 4.803586364723131830e+00
-4.976259591470495458e+00 -4.866625918415109497e-01 4.809875839505092898e+00
-4.973100335699074392e+00 -5.179508191611941204e-01 4.816165314287054855e+00
-4.969744357194262108e+00 -5.492185577124975016e-01 4.822454789069016812e+00
-4.966191788709714672e+00 -5.804645706261484239e-01 4.828744263850977880e+00
-4.962442770775675527e+00 -6.116876218922853159e-01 4.835033738632939837e+00
-4.958497451693403946e+00 -6.428864764093423778e-01 4.841323213414900906e+00
-4.954355987529318384e+00 -6.740599000329200452e-01 4.847612688196862862e+00
-4.950018542108819197e+00 -7.052066596245953889e-01 4.853902162978824819e+00
-4.945485287009806719e+00 -7.363255231007043156e-01 4.860191637760785888e+00
-4.940756401555898236e+00 -7.674152594810796923e-01 4.866481112542746956e+00
-4.935832072809328785e+00 -7.984746389377452847e-01 4.872770587324708913e+00
-4.930712495563557951e+00 -8.295024328435649519e-01 4.879060062106670870e+00
-4.925397872335557814e+00 -8.604974138208431045e-01 4.885349536888631938e+00
-4.919888413357807799e+00 -8.914583557898775323e-01 4.891639011670593007e+00
-4.914184336569974221e+00 -9.223840340174592756e-01 4.897928486452554964e+00
-4.908285867610291398e+00 -9.532732251653202038e-01 4.904217961234516920e+00
-4.902193239806634573e+00 -9.841247073385241961e-01 4.910507436016477989e+00
-4.895906694167289963e+00 -1.014937260133805808e+00 4.916796910798439946e+00
-4.889426479371425494e+00 -1.045709664687835883e+00 4.923086385580401014e+00
-4.882752851759246226e+00 -1.076440703725450421e+00 4.929375860362362971e+00
-4.875886075321861135e+00 -1.107129161607794288e+00 4.935665335144324928e+00
-4.868826421690834572e+00 -1.137773824380410526e+00 4.941954809926285996e+00
-4.861574170127445527e+00 -1.168373479821260608e+00 4.948244284708247065e+00
-4.854129607511638689e+00 -1.198926917488678079e+00 4.954533759490209022e+00
-4.846493028330677966e+00 -1.229432928769249367e+00 4.960823234272170978e+00
-4.838664734667494471e+00 -1.259890306925623760e+00 4.967112709054132047e+00
-4.830645036188740526e+00 -1.290297847144248777e+00 4.973402183836093116e+00
-4.822434250132535460e+00 -1.320654346583028937e+00 4.979691658618055072e+00
-4.814032701295922756e+00 -1.350958604418907916e+00 4.985981133400017029e+00
-4.805440722022014555e+00 -1.381209421895368994e+00 4.992270608181978098e+00
-4.796658652186851057e+00 -1.411405602369857570e+00 4.998560082963940054e+00
-4.787686839185954391e+00 -1.441545951361108191e+00 5.004849557745901123e+00
-4.778525637920584934e+00 -1.471629276596407854e+00 5.011139032527863080e+00
-4.769175410783702773e+00 -1.501654388058750955e+00 5.017428507309825036e+00
-4.759636527645633386e+00 -1.531620098033915633e+00 5.023717982091786105e+00
-4.749909365839435793e+00 -1.561525221157445742e+00 5.030007456873747174e+00
-4.739994310145977607e+00 -1.591368574461541119e+00 5.036296931655709130e+00
-4.729891752778712544e+00 -1.621148977421852599e+00 5.042586406437671087e+00
-4.719602093368165718e+00 -1.650865252004181549e+00 5.048875881219632156e+00
-4.709125738946125850e+00 -1.680516222711078145e+00 5.055165356001593224e+00
-4.698463103929542584e+00 -1.710100716628341067e+00 5.061454830783555181e+00
-4.687614610104137824e+00 -1.739617563471416606e+00 5.067744305565517138e+00
-4.676580686607715087e+00 -1.769065595631692744e+00 5.074033780347479095e+00
-4.665361769913187295e+00 -1.798443648222677549e+00 5.080323255129440163e+00
-4.653958303811310593e+00 -1.827750559126093854e+00 5.086612729911401232e+00
-4.642370739393129497e+00 -1.856985169037839389e+00 5.092902204693363188e+00
-4.630599535032129843e+00 -1.886146321513848312e+00 5.099191679475325145e+00
-4.618645156366113724e+00 -1.915232863015836839e+00 5.105481154257286214e+00
-4.606508076278770680e+00 -1.944243642956935636e+00 5.111770629039247282e+00
-4.594188774880981541e+00 -1.973177513747202294e+00 5.118060103821209239e+00
-4.581687739491816735e+00 -2.002033330839017466e+00 5.124349578603171196e+00
-4.569005464619267265e+00 -2.030809952772360205e+00 5.130639053385132264e+00
-4.556142451940679905e+00 -2.059506241219961176e+00 5.136928528167093333e+00
-4.543099210282910860e+00 -2.088121061032332193e+00 5.143218002949055290e+00
-4.529876255602200530e+00 -2.116653280282669414e+00 5.149507477731017246e+00
-4.516474110963761390e+00 -2.145101770311631739e+00 5.155796952512979203e+00
-4.502893306521092320e+00 -2.173465405771977110e+00 5.162086427294940272e+00
-4.489134379494996274e+00 -2.201743064673095773e+00 5.168375902076901340e+00
-4.475197874152340383e+00 -2.229933628425378789e+00 5.174665376858863297e+00
-4.461084341784519403e+00 -2.258035981884473742e+00 5.180954851640825254e+00
-4.446794340685652713e+00 -2.286049013395393903e+00 5.187244326422786322e+00
-4.432328436130494431e+00 -2.313971614836493274e+00 5.193533801204747391e+00
-4.417687200352077070e+00 -2.341802681663300856e+00 5.199823275986709348e+00
-4.402871212519074540e+00 -2.369541112952213702e+00 5.206112750768671305e+00
-4.387881058712889804e+00 -2.397185811444046522e+00 5.212402225550632373e+00
-4.372717331904471649e+00 -2.424735683587436519e+00 5.218691700332593442e+00
-4.357380631930863224e+00 -2.452189639582100344e+00 5.224981175114555398e+00
-4.341871565471464578e+00 -2.479546593421944944e+00 5.231270649896517355e+00
-4.326190746024042078e+00 -2.506805462938028750e+00 5.237560124678479312e+00
-4.310338793880458041e+00 -2.533965169841361664e+00 5.243849599460440380e+00
-4.294316336102131260e+00 -2.561024639765570488e+00 5.250139074242401449e+00
-4.278124006495234610e+00 -2.587982802309390706e+00 5.256428549024363406e+00
-4.261762445585620895e+00 -2.614838591079011287e+00 5.262718023806325363e+00
-4.245232300593490216e+00 -2.641590943730255603e+00 5.269007498588286431e+00
-4.228534225407781122e+00 -2.668238802010610033e+00 5.275296973370247500e+00
-4.211668880560309525e+00 -2.694781111801080264e+00 5.281586448152209456e+00
-4.194636933199637596e+00 -2.721216823157893039e+00 5.287875922934171413e+00
-4.177439057064683325e+00 -2.747544890354027824e+00 5.294165397716132482e+00
-4.160075932458068948e+00 -2.773764271920583724e+00 5.300454872498093550e+00
-4.142548246219211805e+00 -2.799873930687974521e+00 5.306744347280055507e+00
-4.124856691697152300e+00 -2.825872833826961195e+00 5.313033822062017464e+00
-4.107001968723126950e+00 -2.851759952889505900e+00 5.319323296843979421e+00
-4.088984783582889193e+00 -2.877534263849448770e+00 5.325612771625940489e+00
-4.070805848988764630e+00 -2.903194747143026611e+00 5.331902246407901558e+00
-4.052465884051461131e+00 -2.928740387709195758e+00 5.338191721189863514e+00
-4.033965614251622256e+00 -2.954170175029788847e+00 5.344481195971825471e+00
-4.015305771411129321e+00 -2.979483103169486835e+00 5.350770670753786540e+00
-3.996487093664152113e+00 -3.004678170815612948e+00 5.357060145535747608e+00
-3.977510325427950910e+00 -3.029754381317739220e+00 5.363349620317709565e+00
-3.958376217373428041e+00 -3.054710742727112738e+00 5.369639095099671522e+00
-3.939085526395435632e+00 -3.079546267835895801e+00 5.375928569881632590e+00
-3.919639015582830233e+00 -3.104259974216216023e+00 5.382218044663593659e+00
-3.900037454188293395e+00 -3.128850884259027243e+00 5.388507519445555616e+00
-3.880281617597895583e+00 -3.153318025212785258e+00 5.394796994227517573e+00
-3.860372287300431360e+00 -3.177660429221919713e+00 5.401086469009479529e+00
-3.840310250856498797e+00 -3.201877133365129247e+00 5.407375943791440598e+00
-3.820096301867347943e+00 -3.225967179693465692e+00 5.413665418573401666e+00
-3.799731239943488603e+00 -3.249929615268232208e+00 5.419954893355363623e+00
-3.779215870673060973e+00 -3.273763492198673575e+00 5.426244368137325580e+00
-3.758551005589967353e+00 -3.297467867679478193e+00 5.432533842919286649e+00
-3.737737462141769385e+00 -3.321041804028068256e+00 5.438823317701247717e+00
-3.716776063657352136e+00 -3.344484368721695855e+00 5.445112792483209674e+00
-3.695667639314357267e+00 -3.367794634434327250e+00 5.451402267265171631e+00
-3.674413024106381265e+00 -3.390971679073329526e+00 5.457691742047132699e+00
-3.653013058809944980e+00 -3.414014585815943192e+00 5.463981216829093768e+00
-3.631468589951237114e+00 -3.436922443145549178e+00 5.470270691611055724e+00
-3.609780469772623235e+00 -3.459694344887730644e+00 5.476560166393017681e+00
-3.587949556198939849e+00 -3.482329390246107881e+00 5.482849641174979638e+00
-3.565976712803551774e+00 -3.504826683837985790e+00 5.489139115956940707e+00
-3.543862808774192352e+00 -3.527185335729764226e+00 5.495428590738901775e+00
-3.521608718878583399e+00 -3.549404461472141392e+00 5.501718065520863732e+00
-3.499215323429827773e+00 -3.571483182135103185e+00 5.508007540302825689e+00
-3.476683508251591448e+00 -3.593420624342690495e+00 5.514297015084786757e+00
-3.454014164643055995e+00 -3.615215920307544906e+00 5.520586489866747826e+00
-3.431208189343669446e+00 -3.636868207865242120e+00 5.526875964648709783e+00
-3.408266484497666227e+00 -3.658376630508390015e+00 5.533165439430671739e+00
-3.385189957618383705e+00 -3.679740337420515317e+00 5.539454914212632808e+00
-3.361979521552364680e+00 -3.700958483509715791e+00 5.545744388994593876e+00
-3.338636094443244495e+00 -3.722030229442092608e+00 5.552033863776555833e+00
-3.315160599695434307e+00 -3.742954741674952679e+00 5.558323338558517790e+00
-3.291553965937594750e+00 -3.763731192489773392e+00 5.564612813340479747e+00
-3.267817126985897325e+00 -3.784358760024957746e+00 5.570902288122440815e+00
-3.243951021807089496e+00 -3.804836628308335023e+00 5.577191762904401884e+00
-3.219956594481343082e+00 -3.825163987289448730e+00 5.583481237686363841e+00
-3.195834794164928105e+00 -3.845340032871580771e+00 5.589770712468324909e+00
-3.171586575052640189e+00 -3.865363966943587304e+00 5.596060187250286866e+00
-3.147212896340079169e+00 -3.885234997411442404e+00 5.602349662032248823e+00
-3.122714722185696345e+00 -3.904952338229585873e+00 5.608639136814209891e+00
-3.098093021672643665e+00 -3.924515209432021923e+00 5.614928611596171848e+00
-3.073348768770464368e+00 -3.943922837163155393e+00 5.621218086378132917e+00
-3.048482942296535381e+00 -3.963174453708423250e+00 5.627507561160094873e+00
-3.023496525877379604e+00 -3.982269297524643203e+00 5.633797035942055942e+00
-2.998390507909725056e+00 -4.001206613270159806e+00 5.640086510724017899e+00
-2.973165881521435683e+00 -4.019985651834700136e+00 5.646375985505978967e+00
-2.947823644532197918e+00 -4.038605670369033618e+00 5.652665460287940924e+00
-2.922364799414078007e+00 -4.057065932314326773e+00 5.658954935069901993e+00
-2.896790353251836425e+00 -4.075365707431309659e+00 5.665244409851863949e+00
-2.871101317703121492e+00 -4.093504271829138119e+00 5.671533884633825018e+00
-2.845298708958420963e+00 -4.111480907994045531e+00 5.677823359415786975e+00
-2.819383547700889281e+00 -4.129294904817715661e+00 5.684112834197748931e+00
-2.793356859065962539e+00 -4.146945557625412171e+00 5.690402308979710000e+00
-2.767219672600793157e+00 -4.164432168203867413e+00 5.696691783761671957e+00
-2.740973022223551325e+00 -4.181754044828879024e+00 5.702981258543633025e+00
-2.714617946182497743e+00 -4.198910502292697799e+00 5.709270733325594982e+00
-2.688155487014938672e+00 -4.215900861931110022e+00 5.715560208107556051e+00
-2.661586691505961166e+00 -4.232724451650302200e+00 5.721849682889518007e+00
-2.634912610647051068e+00 -4.249380605953430035e+00 5.728139157671479076e+00
-2.608134299594490280e+00 -4.265868665966962681e+00 5.734428632453441033e+00
-2.581252817627647467e+00 -4.282187979466726802e+00 5.740718107235402101e+00
-2.554269228107044487e+00 -4.298337900903725028e+00 5.747007582017364058e+00
-2.527184598432326013e+00 -4.314317791429653326e+00 5.753297056799325127e+00
-2.500000000000002220e+00 -4.330127018922191873e+00 5.759586531581287083e+00
-2.472716508161093785e+00 -4.345764958009993961e+00 5.765876006363249040e+00
-2.445335202178586353e+00 -4.361230990097429761e+00 5.772165481145210109e+00
-2.417857165184722490e+00 -4.376524503389064513e+00 5.778454955927172065e+00
-2.390283484138183034e+00 -4.391644892913841858e+00 5.784744430709133134e+00
-2.362615249781060633e+00 -4.406591560549034448e+00 5.791033905491095091e+00
-2.334853556595742674e+00 -4.421363915043887260e+00 5.797323380273056159e+00
-2.306999502761587273e+00 -4.435961372043019324e+00 5.803612855055018116e+00
-2.279054190111509559e+00 -4.450383354109527900e+00 5.809902329836979185e+00
-2.251018724088368117e+00 -4.464629290747842205e+00 5.816191804618941141e+00
-2.222894213701267052e+00 -4.478698618426275146e+00 5.822481279400902210e+00
-2.194681771481654664e+00 -4.492590780599335254e+00 5.828770754182864167e+00
-2.166382513439346624e+00 -4.506305227729721530e+00 5.835060228964825235e+00
-2.137997559018347982e+00 -4.519841417310079379e+00 5.841349703746787192e+00
-2.109528031052597008e+00 -4.533198813884446565e+00 5.847639178528749149e+00
-2.080975055721540734e+00 -4.546376889069440708e+00 5.853928653310710217e+00
-2.052339762505569709e+00 -4.559375121575167888e+00 5.860218128092672174e+00
-2.023623284141370604e+00 -4.572192997225827504e+00 5.866507602874633243e+00
-1.994826756577082749e+00 -4.584830008980066651e+00 5.872797077656595199e+00
-1.965951318927398050e+00 -4.597285656951025423e+00 5.879086552438556268e+00
-1.936998113428466617e+00 -4.609559448426124639e+00 5.885376027220518225e+00
-1.907968285392745988e+00 -4.621650897886540932e+00 5.891665502002479293e+00
-1.878862983163662737e+00 -4.633559527026424263e+00 5.897954976784441250e+00
-1.849683358070220107e+00 -4.645284864771811684e+00 5.904244451566402319e+00
-1.820430564381420924e+00 -4.656826447299270200e+00 5.910533926348364275e+00
-1.791105759260641417e+00 -4.668183818054228773e+00 5.916823401130325344e+00
-1.761710102719824089e+00 -4.679356527769058971e+00 5.923112875912287301e+00
-1.732244757573617955e+00 -4.690344134480828764e+00 5.929402350694249257e+00
-1.702710889393370897e+00 -4.701146203548793423e+00 5.935691825476210326e+00
-1.673109666461007894e+00 -4.711762307671593319e+00 5.941981300258172283e+00
-1.643442259722847298e+00 -4.722192026904143525e+00 5.948270775040133351e+00
-1.613709842743247247e+00 -4.732434948674261399e+00 5.954560249822095308e+00
-1.583913591658216991e+00 -4.742490667798974435e+00 5.960849724604056377e+00
-1.554054685128857249e+00 -4.752358786500557208e+00 5.967139199386018333e+00
-1.524134304294769704e+00 -4.762038914422255687e+00 5.973428674167979402e+00
-1.494153632727300618e+00 -4.771530668643743311e+00 5.979718148949941359e+00
-1.464113856382756040e+00 -4.780833673696253783e+00 5.986007623731902427e+00
-1.434016163555453360e+00 -4.789947561577443835e+00 5.992297098513864384e+00
-1.403861744830746661e+00 -4.798871971765945155e+00 5.998586573295826341e+00
-1.373651793037916624e+00 -4.807606551235626746e+00 6.004876048077787409e+00
-1.343387503202973177e+00 -4.816150954469563317e+00 6.011165522859749366e+00
-1.313070072501412389e+00 -4.824504843473694571e+00 6.017454997641710435e+00
-1.282700700210826161e+00 -4.832667887790206507e+00 6.023744472423672391e+00
-1.252280587663495703e+00 -4.840639764510592968e+00 6.030033947205633460e+00
-1.221810938198836016e+00 -4.848420158288437420e+00 6.036323421987595417e+00
-1.191292957115828388e+00 -4.856008761351880310e+00 6.042612896769556485e+00
-1.160727851625309448e+00 -4.863405273515800431e+00 6.048902371551518442e+00
-1.130116830802249117e+00 -4.870609402193680104e+00 6.055191846333479511e+00
-1.099461105537890226e+00 -4.877620862409193236e+00 6.061481321115441467e+00
-1.068761888491882361e+00 -4.884439376807462097e+00 6.067770795897402536e+00
-1.038020394044278483e+00 -4.891064675666041417e+00 6.074060270679364493e+00
-1.007237838247526218e+00 -4.897496496905581864e+00 6.080349745461326449e+00
-9.764154387783527955e-01 -4.903734586100197745e+00 6.086639220243287518e+00
-9.455544148895820289e-01 -4.909778696487533622e+00 6.092928695025249475e+00
-9.146559873619363179e-01 -4.915628588978520952e+00 6.099218169807210543e+00
-8.837213784557090834e-01 -4.921284032166843403e+00 6.105507644589172500e+00
-8.527518118624519694e-01 -4.926744802338081541e+00 6.111797119371133569e+00
-8.217485126565320375e-01 -4.932010683478572410e+00 6.118086594153095525e+00
-7.907127072467078355e-01 -4.937081467283944036e+00 6.124376068935056594e+00
-7.596456233275796777e-01 -4.941956953167363054e+00 6.130665543717018551e+00
-7.285484898310611301e-01 -4.946636948267467027e+00 6.136955018498979619e+00
-6.974225368777298151e-01 -4.951121267455992125e+00 6.143244493280941576e+00
-6.662689957282029729e-01 -4.955409733345097933e+00 6.149533968062902645e+00
-6.350890987343960070e-01 -4.959502176294384057e+00 6.155823442844864601e+00
-6.038840792908060084e-01 -4.963398434417601202e+00 6.162112917626826558e+00
-5.726551717857072399e-01 -4.967098353589053161e+00 6.168402392408787627e+00
-5.414036115523097603e-01 -4.970601787449695941e+00 6.174691867190749583e+00
-5.101306348199234897e-01 -4.973908597412926014e+00 6.180981341972710652e+00
-4.788374786650207993e-01 -4.977018652670063048e+00 6.187270816754672609e+00
-4.475253809623364609e-01 -4.979931830195521769e+00 6.193560291536633677e+00
-4.161955803358652339e-01 -4.982648014751683618e+00 6.199849766318595634e+00
-3.848493161099006410e-01 -4.985167098893450444e+00 6.206139241100556703e+00
-3.534878282599750454e-01 -4.987488982972497986e+00 6.212428715882518659e+00
-3.221123573638448034e-01 -4.989613575141215840e+00 6.218718190664479728e+00
-2.907241445523812140e-01 -4.991540791356340989e+00 6.225007665446441685e+00
-2.593244314605096523e-01 -4.993270555382282261e+00 6.231297140228402753e+00
-2.279144601780586366e-01 -4.994802798794136578e+00 6.237586615010364710e+00
-1.964954732006569948e-01 -4.996137460980397016e+00 6.243876089792326667e+00
-1.650687133805704976e-01 -4.997274489145346443e+00 6.250165564574287735e+00
-1.336354238775249448e-01 -4.998213838311150070e+00 6.256455039356249692e+00
-1.021968481095608394e-01 -4.998955471319630917e+00 6.262744514138210761e+00
-7.075422970381159415e-02 -4.999499358833744189e+00 6.269033988920172717e+00
-3.930881244734455576e-02 -4.999845479338734577e+00 6.275323463702133786e+00
-7.861840237924404284e-03 -4.999993819142987128e+00 6.281612938484095743e+00
2.358544296515656391e-02 -4.999944372378569923e+00 6.287902413266056811e+00
5.503179319032172612e-02 -4.999697141001468559e+00 6.294191888048018768e+00
8.647596650288286169e-02 -4.999252134791501767e+00 6.300481362829979837e+00
1.179167190542823734e-01 -4.998609371351943942e+00 6.306770837611941793e+00
1.493528071312612837e-01 -4.997768876108819924e+00 6.313060312393902862e+00
1.807829872050925879e-01 -4.996730682309904026e+00 6.319349787175864819e+00
2.122060159807410973e-01 -4.995494831023407301e+00 6.325639261957826776e+00
2.436206504460579625e-01 -4.994061371136345961e+00 6.331928736739787844e+00
2.750256479209645666e-01 -4.992430359352612257e+00 6.338218211521749801e+00
3.064197661065784506e-01 -4.990601860190731820e+00 6.344507686303710869e+00
3.378017631343908089e-01 -4.988575945981307491e+00 6.350797161085672826e+00
3.691703976153561939e-01 -4.986352696864163825e+00 6.357086635867633895e+00
4.005244286890339289e-01 -4.983932200785171851e+00 6.363376110649595851e+00
4.318626160726380392e-01 -4.981314553492771857e+00 6.369665585431556920e+00
4.631837201101347556e-01 -4.978499858534188860e+00 6.375955060213518877e+00
4.944865018212447061e-01 -4.975488227251330997e+00 6.382244534995479945e+00
5.257697229504891823e-01 -4.972279778776387715e+00 6.388534009777441902e+00
5.570321460161367089e-01 -4.968874640027121536e+00 6.394823484559402971e+00
5.882725343591903577e-01 -4.965272945701838303e+00 6.401112959341364927e+00
6.194896521922748089e-01 -4.961474838274068766e+00 6.407402434123326884e+00
6.506822646485355133e-01 -4.957480467986924211e+00 6.413691908905287953e+00
6.818491378304987194e-01 -4.953289992847158985e+00 6.419981383687249910e+00
7.129890388588510097e-01 -4.948903578618917720e+00 6.426270858469210978e+00
7.441007359212438166e-01 -4.944321398817178803e+00 6.432560333251172935e+00
7.751829983209855834e-01 -4.939543634700890529e+00 6.438849808033134003e+00
8.062345965257599056e-01 -4.934570475265800837e+00 6.445139282815095960e+00
8.372543022162272086e-01 -4.929402117236979741e+00 6.451428757597057029e+00
8.682408883346498518e-01 -4.924038765061040657e+00 6.457718232379018986e+00
8.991931291333948861e-01 -4.918480630898051764e+00 6.464007707160980054e+00
9.301098002234576834e-01 -4.912727934613139169e+00 6.470297181942942011e+00
9.609896786228597776e-01 -4.906780903767798740e+00 6.476586656724903079e+00
9.918315428050618054e-01 -4.900639773610883765e+00 6.482876131506865036e+00
1.022634172747253878e+00 -4.894304787069307494e+00 6.489165606288826993e+00
1.053396349978628521e+00 -4.887776194738432167e+00 6.495455081070788061e+00
1.084116857628594888e+00 -4.881054254872148057e+00 6.501744555852750018e+00
1.114794480474882610e+00 -4.874139233372671853e+00 6.508034030634711087e+00
1.145428004991648541e+00 -4.867031403780013754e+00 6.514323505416673044e+00
1.176016219397446383e+00 -4.859731047261169223e+00 6.520612980198634112e+00
1.206557913703194762e+00 -4.852238452598985674e+00 6.526902454980596069e+00
1.237051879760008077e+00 -4.844553916180748487e+00 6.533191929762557137e+00
1.267496911307021801e+00 -4.836677741986451728e+00 6.539481404544519094e+00
1.297891804019073669e+00 -4.828610241576774875e+00 6.545770879326480163e+00
1.328235355554379105e+00 -4.820351734080754014e+00 6.552060354108442120e+00
1.358526365602058306e+00 -4.811902546183168816e+00 6.558349828890403188e+00
1.388763635929650242e+00 -4.803263012111606223e+00 6.564639303672365145e+00
1.418945970430483428e+00 -4.794433473623248787e+00 6.570928778454327102e+00
1.449072175171002730e+00 -4.785414279991354825e+00 6.577218253236288170e+00
1.479141058438011136e+00 -4.776205787991434804e+00 6.583507728018250127e+00
1.509151430785780290e+00 -4.766808361887147960e+00 6.589797202800211195e+00
1.539102105083137495e+00 -4.757222373415883609e+00 6.596086677582173152e+00
1.568991896560389732e+00 -4.747448201774068011e+00 6.602376152364134221e+00
1.598819622856224587e+00 -4.737486233602149710e+00 6.608665627146096178e+00
1.628584104064448645e+00 -4.727336862969318432e+00 6.614955101928057246e+00
1.658284162780693238e+00 -4.717000491357906888e+00 6.621244576710019203e+00
1.687918624148957214e+00 -4.706477527647518144e+00 6.627534051491980271e+00
1.717486315908113959e+00 -4.695768388098839452e+00 6.633823526273942228e+00
1.746986068438249884e+00 -4.684873496337191412e+00 6.640113001055903297e+00
1.776416714806965391e+00 -4.673793283335756499e+00 6.646402475837865254e+00
1.805777090815504859e+00 -4.662528187398537582e+00 6.652691950619827210e+00
1.835066035044823796e+00 -4.651078654143022462e+00 6.658981425401788279e+00
1.864282388901541854e+00 -4.639445136482547305e+00 6.665270900183750236e+00
1.893424996663747084e+00 -4.627628094608391862e+00 6.671560374965711304e+00
1.922492705526744006e+00 -4.615627995971562036e+00 6.677849849747673261e+00
1.951484365648623820e+00 -4.603445315264317550e+00 6.684139324529634330e+00
1.980398830195782445e+00 -4.591080534401370983e+00 6.690428799311596286e+00
2.009234955388251809e+00 -4.578534142500847892e+00 6.696718274093557355e+00
2.037991600544978965e+00 -4.565806635864917418e+00 6.703007748875519312e+00
2.066667628128915801e+00 -4.552898517960180413e+00 6.709297223657480380e+00
2.095261903792047242e+00 -4.539810299397731619e+00 6.715586698439442337e+00
2.123773296420234491e+00 -4.526542497912985574e+00 6.721876173221403405e+00
2.152200678177988102e+00 -4.513095638345171245e+00 6.728165648003365362e+00
2.180542924553054540e+00 -4.499470252616591281e+00 6.734455122785327319e+00
2.208798914400912583e+00 -4.485666879711571298e+00 6.740744597567288388e+00
2.236967529989133396e+00 -4.471686065655136488e+00 6.747034072349250344e+00
2.265047657041566964e+00 -4.457528363491420897e+00 6.753323547131211413e+00
2.293038184782453026e+00 -4.443194333261780038e+00 6.759613021913173370e+00
2.320938005980326846e+00 -4.428684541982648604e+00 6.765902496695134438e+00
2.348746016991852592e+00 -4.413999563623098865e+00 6.772191971477096395e+00
2.376461117805445777e+00 -4.399139979082148599e+00 6.778481446259057464e+00
2.404082212084821979e+00 -4.384106376165768815e+00 6.784770921041019420e+00
2.431608207212329731e+00 -4.368899349563644563e+00 6.791060395822980489e+00
2.459038014332206146e+00 -4.353519500825639099e+00 6.797349870604942446e+00
2.486370548393616264e+00 -4.337967438338009352e+00 6.803639345386903514e+00
2.513604728193606253e+00 -4.322243777299325629e+00 6.809928820168865471e+00
2.540739476419845211e+00 -4.306349139696154182e+00 6.816218294950827428e+00
2.567773719693255519e+00 -4.290284154278439566e+00 6.822507769732788496e+00
2.594706388610478420e+00 -4.274049456534630309e+00 6.828797244514750453e+00
2.621536417786155759e+00 -4.257645688666558570e+00 6.835086719296711522e+00
2.648262745895101133e+00 -4.241073499564012472e+00 6.841376194078673478e+00
2.674884315714254779e+00 -4.224333544779091731e+00 6.847665668860634547e+00
2.701400074164533205e+00 -4.207426486500251528e+00 6.853955143642596504e+00
2.727808972352455896e+00 -4.190352993526134995e+00 6.860244618424557572e+00
2.754109965611668098e+00 -4.173113741239087737e+00 6.866534093206519529e+00
2.780302013544234008e+00 -4.155709411578470736e+00 6.872823567988480598e+00
2.806384080061823383e+00 -4.138140693013657057e+00 6.879113042770442554e+00
2.832355133426669003e+00 -4.120408280516822508e+00 6.885402517552404511e+00
2.858214146292390900e+00 -4.102512875535438752e+00 6.891691992334365580e+00
2.883960095744647845e+00 -4.084455185964527502e+00 6.897981467116327536e+00
2.909591963341572995e+00 -4.066235926118666910e+00 6.904270941898288605e+00
2.935108735154092319e+00 -4.047855816703720855e+00 6.910560416680250562e+00
2.960509401806002305e+00 -4.029315584788347948e+00 6.916849891462211630e+00
2.985792958513929118e+00 -4.010615963775220116e+00 6.923139366244173587e+00
3.010958405127044379e+00 -3.991757693372032456e+00 6.929428841026134656e+00
3.036004746166656609e+00 -3.972741519562219548e+00 6.935718315808096612e+00
3.060930990865564638e+00 -3.953568194575471484e+00 6.942007790590057681e+00
3.085736153207274235e+00 -3.934238476857951472e+00 6.948297265372019638e+00
3.110419251964976262e+00 -3.914753131042318479e+00 6.954586740153980706e+00
3.134979310740390268e+00 -3.895112927917457224e+00 6.960876214935942663e+00
3.159415358002359842e+00 -3.875318644398008772e+00 6.967165689717904620e+00
3.183726427125300074e+00 -3.855371063493625350e+00 6.973455164499865688e+00
3.207911556427440747e+00 -3.835270974277994682e+00 6.979744639281827645e+00
3.231969789208843480e+00 -3.815019171857638725e+00 6.986034114063788714e+00
3.255900173789277208e+00 -3.794616457340445503e+00 6.992323588845750670e+00
3.279701763545835203e+00 -3.774063637803997118e+00 6.998613063627711739e+00
3.303373616950405989e+00 -3.753361526263622849e+00 7.004902538409673696e+00
3.326914797606893792e+00 -3.732510941640263091e+00 7.011192013191634764e+00
3.350324374288284890e+00 -3.711512708728048171e+00 7.017481487973596721e+00
3.373601420973459497e+00 -3.690367658161697761e+00 7.023770962755557790e+00
3.396745016883846890e+00 -3.669076626383640072e+00 7.030060437537519746e+00
3.419754246519825180e+00 -3.647640455610945409e+00 7.036349912319480815e+00
3.442628199696958546e+00 -3.626059993801988401e+00 7.042639387101442772e+00
3.465365971581984894e+00 -3.604336094622925923e+00 7.048928861883404728e+00
3.487966662728612111e+00 -3.582469617413917895e+00 7.055218336665365797e+00
3.510429379113111814e+00 -3.560461427155128256e+00 7.061507811447327754e+00
3.532753232169659086e+00 -3.538312394432524322e+00 7.067797286229288822e+00
3.554937338825510107e+00 -3.516023395403420349e+00 7.074086761011250779e+00
3.576980821535906685e+00 -3.493595311761840350e+00 7.080376235793211848e+00
3.598882808318816018e+00 -3.471029030703614016e+00 7.086665710575173804e+00
3.620642432789398235e+00 -3.448325444891312763e+00 7.092955185357134873e+00
3.642258834194302963e+00 -3.425485452418906007e+00 7.099244660139096830e+00
3.663731157445695441e+00 -3.402509956776265554e+00 7.105534134921057898e+00
3.685058553155104555e+00 -3.379399866813397324e+00 7.111823609703019855e+00
3.706240177666997315e+00 -3.356156096704517200e+00 7.118113084484980924e+00
3.727275193092178807e+00 -3.332779565911862640e+00 7.124402559266942880e+00
3.748162767340911916e+00 -3.309271199149340426e+00 7.130692034048904837e+00
3.768902074155845661e+00 -3.285631926345945253e+00 7.136981508830865906e+00
3.789492293144704149e+00 -3.261862682608955843e+00 7.143270983612827862e+00
3.809932609812722859e+00 -3.237964408186972953e+00 7.149560458394788931e+00
3.830222215594889068e+00 -3.213938048432698036e+00 7.155849933176750888e+00
3.850360307887903399e+00 -3.189784553765562691e+00 7.162139407958711956e+00
3.870346090081952184e+00 -3.165504879634108093e+00 7.168428882740673913e+00
3.890178771592194717e+00 -3.141099986478215200e+00 7.174718357522634982e+00
3.909857567890063557e+00 -3.116570839691084949e+00 7.181007832304596938e+00
3.929381700534271271e+00 -3.091918409581080329e+00 7.187297307086558007e+00
3.948750397201628459e+00 -3.067143671333311339e+00 7.193586781868519964e+00
3.967962891717571328e+00 -3.042247604971089370e+00 7.199876256650481032e+00
3.987018424086492985e+00 -3.017231195317133352e+00 7.206165731432442989e+00
4.005916240521786520e+00 -2.992095431954635121e+00 7.212455206214404946e+00
4.024655593475672255e+00 -2.966841309188104514e+00 7.218744680996366014e+00
4.043235741668774530e+00 -2.941469826004026622e+00 7.225034155778327971e+00
4.061655950119426706e+00 -2.915981986031369821e+00 7.231323630560289040e+00
4.079915490172771442e+00 -2.890378797501855335e+00 7.237613105342250996e+00
4.098013639529555441e+00 -2.864661273210102888e+00 7.243902580124212065e+00
4.115949682274725241e+00 -2.838830430473540556e+00 7.250192054906174022e+00
4.133722908905729909e+00 -2.812887291092189379e+00 7.256481529688135090e+00
4.151332616360602579e+00 -2.786832881308212606e+00 7.262771004470097047e+00
4.168778108045755104e+00 -2.760668231765355252e+00 7.269060479252058116e+00
4.186058693863551561e+00 -2.734394377468139403e+00 7.275349954034020072e+00
4.203173690239587756e+00 -2.708012357740954723e+00 7.281639428815981141e+00
4.220122420149749587e+00 -2.681523216186914915e+00 7.287928903597943098e+00
4.236904213146980069e+00 -2.654928000646602726e+00 7.294218378379905054e+00
4.253518405387805679e+00 -2.628227763156606223e+00 7.300507853161866123e+00
4.269964339658603336e+00 -2.601423559907896088e+00 7.306797327943828080e+00
4.286241365401581405e+00 -2.574516451204067025e+00 7.313086802725789148e+00
4.302348838740536863e+00 -2.547507501419366882e+00 7.319376277507751105e+00
4.318286122506300728e+00 -2.520397778956626755e+00 7.325665752289712174e+00
4.334052586261963214e+00 -2.493188356204959266e+00 7.331955227071674130e+00
4.349647606327796012e+00 -2.465880309497375578e+00 7.338244701853635199e+00
4.365070565805940106e+00 -2.438474719068175034e+00 7.344534176635597156e+00
4.380320854604788039e+00 -2.410972669010242875e+00 7.350823651417558224e+00
4.395397869463143259e+00 -2.383375247232139671e+00 7.357113126199520181e+00
4.410301013974054385e+00 -2.355683545415093949e+00 7.363402600981481250e+00
4.425029698608435424e+00 -2.327898658969788315e+00 7.369692075763443206e+00
4.439583340738364470e+00 -2.300021686993055869e+00 7.375981550545405163e+00
4.453961364660139921e+00 -2.272053732224390110e+00 7.382271025327366232e+00
4.468163201617060487e+00 -2.243995901002312277e+00 7.388560500109328189e+00
4.482188289821906757e+00 -2.215849303220633892e+00 7.394849974891289257e+00
4.496036074479182965e+00 -2.187615052284523021e+00 7.401139449673251214e+00
4.509706007807046113e+00 -2.159294265066490581e+00 7.407428924455212282e+00
4.523197549058989075e+00 -2.130888061862178162e+00 7.413718399237174239e+00
4.536510164545219936e+00 -2.102397566346075664e+00 7.420007874019135308e+00
4.549643327653782876e+00 -2.073823905527037326e+00 7.426297348801097264e+00
4.562596518871378848e+00 -2.045168209703734252e+00 7.432586823583058333e+00
4.575369225803928686e+00 -2.016431612419908870e+00 7.438876298365020290e+00
4.587960943196830677e+00 -1.987615250419569657e+00 7.445165773146981358e+00
4.600371172954955235e+00 -1.958720263601989586e+00 7.451455247928943315e+00
4.612599424162342920e+00 -1.929747794976644837e+00 7.457744722710905272e+00
4.624645213101624464e+00 -1.900698990617986972e+00 7.464034197492866340e+00
4.636508063273161007e+00 -1.871574999620095880e+00 7.470323672274828297e+00
4.648187505413884146e+00 -1.842376974051253224e+00 7.476613147056789366e+00
4.659683077515868632e+00 -1.813106068908336477e+00 7.482902621838751323e+00
4.670994324844597756e+00 -1.783763442071162775e+00 7.489192096620712391e+00
4.682120799956960511e+00 -1.754350254256654695e+00 7.495481571402674348e+00
4.693062062718944993e+00 -1.724867668972956958e+00 7.501771046184635416e+00
4.703817680323053807e+00 -1.695316852473378599e+00 7.508060520966597373e+00
4.714387227305419259e+00 -1.665698973710292519e+00 7.514349995748558442e+00
4.724770285562640559e+00 -1.636015204288860936e+00 7.520639470530520398e+00
4.734966444368314598e+00 -1.606266718420723549e+00 7.526928945312481467e+00
4.744975300389292272e+00 -1.576454692877515606e+00 7.533218420094443424e+00
4.754796457701625734e+00 -1.546580306944345562e+00 7.539507894876405381e+00
4.764429527806232301e+00 -1.516644742373136623e+00 7.545797369658366449e+00
4.773874129644267050e+00 -1.486649183335863045e+00 7.552086844440328406e+00
4.783129889612187213e+00 -1.456594816377739798e+00 7.558376319222289474e+00
4.792196441576543009e+00 -1.426482830370250809e+00 7.564665794004251431e+00
4.801073426888446072e+00 -1.396314416464154551e+00 7.570955268786212500e+00
4.809760494397773201e+00 -1.366090768042331538e+00 7.577244743568174457e+00
4.818257300467042370e+00 -1.335813080672611175e+00 7.583534218350135525e+00
4.826563508985016071e+00 -1.305482552060443835e+00 7.589823693132097482e+00
4.834678791379990237e+00 -1.275100382001557175e+00 7.596113167914058550e+00
4.842602826632798951e+00 -1.244667772334461020e+00 7.602402642696020507e+00
4.850335301289502965e+00 -1.214185926892936696e+00 7.608692117477982464e+00
4.857875909473800213e+00 -1.183656051458402025e+00 7.614981592259943532e+00
4.865224352899119253e+00 -1.153079353712202160e+00 7.621271067041905489e+00
4.872380340880415162e+00 -1.122457043187866654e+00 7.627560541823866558e+00
4.879343590345680326e+00 -1.091790331223228883e+00 7.633850016605828515e+00
4.886113825847127501e+00 -1.061080430912543449e+00 7.640139491387789583e+00
4.892690779572097526e+00 -1.030328557058464822e+00 7.646428966169751540e+00
4.899074191353646412e+00 -9.995359261240273074e-01 7.652718440951712608e+00
4.905263808680839333e+00 -9.687037561844906719e-01 7.659007915733674565e+00
4.911259386708739072e+00 -9.378332668791904414e-01 7.665297390515635634e+00
4.917060688268092505e+00 -9.069256793632580749e-01 7.671586865297597591e+00
4.922667483874708871e+00 -8.759822162593500217e-01 7.677876340079558659e+00
4.928079551738541397e+00 -8.450041016092484369e-01 7.684165814861520616e+00
4.933296677772459837e+00 -8.139925608254727774e-01 7.690455289643482573e+00
4.938318655600715701e+00 -7.829488206427919206e-01 7.696744764425443641e+00
4.943145286567113494e+00 -7.518741090696849927e-01 7.703034239207405598e+00
4.947776379742859554e+00 -7.207696553397953121e-01 7.709323713989366667e+00
4.952211751934122219e+00 -6.896366898632697584e-01 7.715613188771328623e+00
4.956451227689276706e+00 -6.584764441781222333e-01 7.721902663553289692e+00
4.960494639305841780e+00 -6.272901509014823240e-01 7.728192138335251649e+00
4.964341826837118887e+00 -5.960790436808712789e-01 7.734481613117212717e+00
4.967992638098514213e+00 -5.648443571453666268e-01 7.740771087899174674e+00
4.971446928673564081e+00 -5.335873268567994376e-01 7.747060562681135742e+00
4.974704561919644163e+00 -5.023091892608425590e-01 7.753350037463097699e+00
4.977765408973372274e+00 -4.710111816381364891e-01 7.759639512245058768e+00
4.980629348755714503e+00 -4.396945420553094452e-01 7.765928987027020725e+00
4.983296267976764504e+00 -4.083605093160344035e-01 7.772218461808982681e+00
4.985766061140231464e+00 -3.770103229120114752e-01 7.778507936590943750e+00
4.988038630547613650e+00 -3.456452229739242488e-01 7.784797411372905707e+00
4.990113886302055768e+00 -3.142664502224136180e-01 7.791086886154866775e+00
4.991991746311915001e+00 -2.828752459189636248e-01 7.797376360936828732e+00
4.993672136294002861e+00 -2.514728518168352078e-01 7.803665835718789801e+00
4.995154989776521504e+00 -2.200605101119105234e-01 7.809955310500751757e+00
4.996440248101699844e+00 -1.886394633935905008e-01 7.816244785282712826e+00
4.997527860428107260e+00 -1.572109545956055787e-01 7.822534260064674783e+00
4.998417783732668873e+00 -1.257762269468842009e-01 7.828823734846635851e+00
4.999109982812365516e+00 -9.433652392233837780e-02 7.835113209628597808e+00
4.999604430285627288e+00 -6.289308919371060236e-02 7.841402684410558876e+00
4.999901106593416245e+00 -3.144716658034202306e-02 7.847692159192520833e+00
5.000000000000000000e+00 -1.224646799147353256e-15 7.853981633974482790e+00
